1014.7039845869359, 499.92742540605104
131.8210161470406, -127.07280279897881
123.46779779507068, -156.02489821483385
34.87420510177386, -108.20277401450193
-84.02124607603989, -25.081447156430908
18.93851189105349, 15.978127775478155
28.232190411056813, -14.481840875396482
5.440807105000177, -11.977841791425602
-1.3983467452559193, -21.86061253829061
8.403599440185678, -6.97822053169134
8.548914313076466, -4.897910914574608
-21.437054310054066, -0.9016129151012695
20.602071180032155, -1.9353176566421055
-13.37112158546367, 5.953509702703623
15.519732129159232, -4.244092592038217
-5.069744591741892, -8.307555851503707
-0.5012444761200008, 3.680035507008152
-2.0446761274143417, 2.514896709004905
-1.317339683787544, 2.5283178853312314
-8.150310256421042, -1.5963559978956474
5.75926681768778, 4.232752748311185
-1.4121839465817423, -4.121560807282799
1.0229343926098935, -1.5644296045903587
-6.698806517973608, -0.6031127607639197
-1.6050455614508752, 8.121985970088927
-5.381044257275743, -5.098614753055712
-2.4795121028532927, -2.6352091168657568
-1.2469871857620334, -1.3639783607208655
4.555829965408907, 6.8763142871421365
2.1966054946384688, -4.364612722227451
-1.6739210310663353, 2.4437486384693
0.740440195686801, -0.39020696217704076
3.729745531874457, 8.040074395192871
-1.43210504132583, 0.9123394070487019
-1.626731202484641, 0.40159903377609096
-0.4348634753144697, -0.945246155331785
-0.6841545276583947, 3.0234947258798592
-1.175202785784834, -1.6083165793841194
-1.3888279146042302, 0.9476053735607666
1.1434026385149938, -0.46604057504009505
0.749758128888391, 1.1161574228633233
0.7931134719650155, -2.001960643416766
-1.3204312913031435, 2.0575009757553295
0.6024435942997289, -0.5566843618791306
-1.0217341478569117, -0.825621434678332
0.5201339502425514, -2.401968741092169
-0.5670079578123851, 1.53557322493331
2.685234022431632, 0.3454106682579805
0.8942818247162484, -0.9711357640018091
1.124726649865469, -2.902075268795963
-1.1669190432086547, 0.45485646553201503
0.29282837339455026, -2.5679187019633565
-0.6899208984792435, 0.06954132937534813
-0.3927618847169334, -1.048142262616917
-1.5894557022260356, 1.6422677288631125
-0.814208841899067, 0.15053200435756425
-0.2593687945201031, 2.1092764683819523
0.9849988288995787, 0.921148295810161
-1.1122350993010577, 1.1096547510036638
-1.4465030573730804, -0.813445500762978
0.21558661770277485, 0.11684187762006942
0.5388237006471976, -0.689366740774955
-0.9439403696545563, -0.12275059393414023
-0.4362513074087019, -0.7578724059842387
0.9248881317091031, 0.1776631714062953
0.6059199303058168, -0.307653385245393
-0.06341897636574778, 0.608654541993977
-0.12638515566553987, 0.796261474030371
-0.8698799487315148, -0.4209254966471852
-0.26274266739903585, -1.0866002702147992
0.05416222758262096, -0.1833080972196219
0.39411686293137327, -0.029305975821411923
-0.13192256103040312, -0.16931003075440723
0.06486043278644353, 0.00517070461442061
0.3122837360418441, 0.121304046313615
-0.10398401334100354, -0.6657317604355445
0.19165237781845015, -0.3056788261238614
0.528465798579075, 0.00038413009896695605
0.4815100097422257, -0.40951871677801865
-0.26736358532456617, -0.8959993128720387
0.029495027981561454, -0.03644172255067107
-0.11566478418398296, 0.07463934122277122
0.07912444735956432, -0.2534713811754212
-0.1945940949490431, -0.16409812719416939
0.2552322723425816, 0.47264317989989973
-0.35332464167526784, 0.5428497225010304
0.10988538336580309, 0.11359154848013943
-0.602071627875035, -0.2835917318350363
0.2875634673459821, -0.6843545917462788
0.34461847942048895, -0.303785487181334
0.5660866225655942, 0.5904605450058086
-0.043903892053786614, 0.38846228170250824
0.0826818671016309, 0.058633334275230736
0.08001640578069602, 0.15347958670304884
0.1778578259171449, 0.5056933497519076
-0.4023263784957737, 0.14678813696338402
-0.28308766019230663, -0.0887345794201311
-0.09682664063256294, -0.30268185753516025
0.20642563116013943, 0.04906869785085768
-0.10177278703633307, -0.10495083817978265
0.11402137050449627, 0.18624631214200751
-0.024085896300529035, -0.09663295393874402
-0.13967329954850544, 0.026859440434982965
-0.17035253613663917, -0.6272477216502067
0.10643143530474805, 0.02401957234651971
0.03826160549922608, -0.052134188550110754
0.07577529588896902, -0.0033634927988872854
0.07359465026357273, -0.2868942716050529
0.08727474230088916, 0.11429074163358519
-0.1198091183889457, -0.3256330845645638
0.34634467885025955, -0.2579960586115295
0.3256324701519631, -0.21755632869553948
-0.004557244472222929, 0.13559880022712073
0.034704732382641934, -0.275094299233087
0.5093782483157212, 0.12012400094081396
0.19343485168234972, 0.06582045768528771
-0.005279302480824843, 0.028448696352442855
0.2994755857663927, -0.19611087526490084
0.2967411353379199, 0.5261692435421407
-0.13270739178215704, 0.28863040071314444
-0.25570305674634514, 0.09385668456177086
-0.049559204760662834, -0.006762660090889491
0.015926746415644746, 0.24041869045308048
-0.009371202067851171, -0.12688017300471516
0.0651871405471022, 0.13663633304212805
-0.13149188735854567, 0.10064094209679912
-0.21466026897033555, 0.21899871614336874
-0.11931800783975467, -0.08493867832782351
-0.043533331136521414, 0.22465602283194902
0.019649137171831726, 0.039839584363887
0.08558149133916787, 0.1880027587533815
0.12251538358198494, 0.08246790745599318
0.017411281294116905, 0.10903759241924557
0.04329797850074203, -0.12591885834219002
0.033160525332298935, -0.03415153418742882
-0.02915942151919634, -0.04690539918770678
0.01327623296768793, -0.01230978798052752
-0.01555225114844717, -0.07039137905134504
-0.10650752327647163, 0.10990889958248734
-0.06319714677228369, -0.06642372857567098
-0.01868027322348233, -0.07742873122905043
0.04185695931649697, -0.11756623059084248
0.006473506838567844, 0.04937140526284421
0.03308922971058027, -0.044404074650118704
0.055448865302858724, -0.08072217591937862
-0.028364353222775616, -0.04932799060109721
-0.026654311040136765, -0.05022466739584877
0.04708005174728045, -0.1511844118241077
0.22195789072431873, 0.017429219488551154
0.011110119794665408, 0.05772266759443996
0.030456758674184497, 0.02337423992523627
0.0609171917489476, -0.05812285517334637
0.12702068896402843, 0.0769907694476111
-0.1314450769312695, -0.10146765152324097
0.07363158553907159, -0.019750269247134838
-0.016959717505532435, 0.23299630663078955
-0.11723194007483587, 0.36716428268297074
-0.2745397425428425, 0.12900333426173424
0.04599477228955643, 0.16379591812978395
-0.004291106406722409, 0.2446243935752122
0.021418189852415198, 0.11484343636651945
-0.06025593418882064, -0.11988878843530329
0.10747710837561127, 0.08582320733359933
-0.1351720938248217, -0.035707527585804005
-0.03827062851734021, -0.06442475635622451
-0.0501429915836479, -0.09330373845651571
-0.04234404219807089, 0.09153434318962451
-0.09317039222898045, -0.09240812771943308
0.04325312334713582, -0.02247562970493335
0.017316858686011734, -0.07441162333098185
-0.027234094888483835, 0.004646617244124945
-0.024528561486920723, -0.07646753504142574
0.026245454785018343, 0.0679985651617093
-0.010806915807399262, -0.0857048565043638
0.015866402299392002, 0.012161706648010136
-0.05261371568386136, -0.061523966229326536
0.03533721176197715, 0.09930008152584269
0.06760504692900132, -0.033484296867423914
-0.04000752970713553, 0.026292371120544906
-0.018085947602542965, -0.0617561195800458
-0.008923298641194384, 0.004264584219379497
0.04449810843985463, -0.09373894520445028
-0.00598081465470272, -0.05358908741459122
-0.07146330062615684, -0.04605528958449252
-0.11170811110869795, 0.07042948882477626
-0.07177891471234052, 0.007212449995617435
-0.060682844168426765, 0.051784961498103854
-0.045488837650523035, 0.07294028987659977
-0.010737312149283834, 0.09661707844199988
0.07107903049821948, 0.02229642045494164
-0.01832284613670592, 0.047005663195927104
-0.023299577948651916, -0.007109356656225982
-0.05058547817538604, -0.0025148294695679363
0.032084990699766384, -0.02459325361722771
-0.06448009368430166, 0.03757804481747701
-0.04309520996776993, -0.03329433983443135
0.05266775645541804, -0.032980030255545495
0.06316200820211759, -0.023248959483459078
0.025941921476197942, 0.017811031655260053
0.024165978116428753, -0.026801456179637625
-0.06156331296814884, 0.02535621581764302
-0.07218754703798329, -0.053038925024935
0.0463749142703887, -0.01911144298719418
0.07784907808793287, -0.07958649804370506
0.025447021560835607, 0.03033012427495837
0.012927929333039012, 0.027796197820914102
-0.014655346364528206, 0.041031667284450644
-0.11622626889286536, -0.13166465099179422
-0.017985788256881546, -0.18437583912302785
0.08337785962955618, -0.10071880357802336
0.12300582978894616, 0.024980285897078222
-0.03848795996761194, 0.04610382007718386
-0.06392355961818055, 0.06552476781654937
-0.03935114697625739, -0.02793897888318879
-0.013396681922663092, 0.058459314824013
-0.05827630225466279, 0.045175955639559826
-0.017835320014049652, 0.02406958127699175
-0.0006268888662725805, -0.033789170248645646
-0.019729447968033838, 0.013203879887768992
-0.0337687890029407, -0.0024950803196250385
-0.0132176763500071, -0.026021881577765568
-0.01914517054004581, -0.024364278245963215
0.017349204128524903, 0.05264403306171629
0.03951247413570848, 0.028835230133432123
-0.04936345290544544, 0.10347891747862059
-0.1348311377187303, -0.007314504920941035
-0.05142028041983009, -0.06522360429271408
0.058836620584900426, -0.1376407560710223
-0.015376203632398364, 0.015251371715043772
-0.03520292911493243, -0.015766218280330965
0.04302908772758211, -0.006245070243225834
0.053973385829371556, -0.01799654144946079
-0.04496047024319129, -0.03884456079232754
0.09504741128684696, -0.15935583482631374
0.14307192194488783, -0.055438202139403266
0.023582034606541513, -0.07353079546642531
-0.02324147894000594, -0.1021770943207236
0.10356032573947312, -0.10020657015775486
0.03195678683538673, 0.09119405489728503
-0.02733354866456459, 0.07144271759488771
-0.02846482361555271, 0.0430311072543272
0.06159806985757274, 0.03294445962030513
-0.026216303135751018, 0.08452052431488476
0.012113698297113047, 0.022954510180055263
-0.05234997153131575, -0.016801714594253676
0.014834141220633205, -0.055495263621165136
0.03645086751479298, -0.02223836828973552
0.11449296503219984, 0.03807174463569714
0.010463922672492368, 0.09460012184519986
-0.05784270323104466, 0.03897118433812265
-0.061176638971185936, 0.00625615845270204
0.02932873966446196, -0.020341631177502054
-0.02892081341955862, 0.005159526268189449
0.02002536408175748, -0.006227400010291899
-0.01755628145371626, 0.019595436846845542
-0.007592361213931479, 0.024975277781622396
-0.045480840898014414, -0.0064330169240580885
-0.012972929488390222, -0.028854558600246334
-0.034922355246060355, 0.01981548769912474
-0.030659538315241815, 0.033397849670493
0.0056198696768241605, 0.0031880739415847577
0.04103563691452508, -0.02456182142463116
0.0265792416532397, 0.02112374640993502
0.040191863572472376, -0.017948613614985186
0.03749401925419108, -0.028707020124739125
0.005923321811233392, -0.06149017108401994
-0.05426102930657711, -0.03495847739819857
0.01789817171125349, -0.04951994747703215
8.069645215535385e-05, -0.01272448105718904
-0.059369287008947, -0.05602785289527166
0.016828089641825656, -0.07502326643761281
0.1361081606897528, -0.041258496574506184
0.04823980297738467, 0.05208988020013748
0.0017093363824506897, -0.02933902607465321
0.06372770412464336, -0.011805272346826434
0.09139759119656518, 0.04627751273543537
-0.02989133293211056, 0.0932958987268045
0.006627794928697982, -0.00602791038567066
0.010682259541795355, 0.029759776670561358
0.013759638209515613, 0.008473793689336238
-0.02207579622408593, 0.01823217926517097
0.07826754145035646, 0.01446943479927297
-0.015315818383041673, 0.048665455633460766
-0.028438623587035156, 0.0015686631240829432
-0.013826827723260934, 0.024918085855015176
0.02453411425038225, 0.017181059912191158
-0.0690660064594002, 0.025555179032902855
-0.017417561095678144, -0.0025965530278983335
-0.02634200607220309, 0.07834285708935232
0.006449555095448221, 0.03557716585910458
-0.025146090319110238, 0.02986815024283048
0.04931674467002621, 0.02918183806836649
-0.024799259364719033, 0.0564736549649522
-0.009919135683875743, -0.03414139066839085
-0.026685593435087303, -0.05694232208122423
0.01261324138835135, -0.03323177078774001
-0.015424410709764738, 0.01060391478716142
0.012004220284789684, -0.011342259518365433
-0.011573746870697621, 0.018239601590560827
-0.019194979762810763, -0.01982390698102252
-0.03679016546096227, -0.02307305281313602
0.045233379305535164, -0.06700231575717631
0.022487512228076417, -0.005274655898196407
0.022602386728092824, 0.011164920935255035
-0.03613311779028883, 0.0505960768668836
-0.018504987723608694, 0.0017864723055841959
-0.03533945673133633, -0.024380571902086135
0.02066502000387611, -0.060222695836558676
0.027499755371275865, 0.00033169248679080707
0.03407161924673188, 0.007967156740803998
-0.024148680996959528, 0.03631985209928805
0.0030942578232489113, -0.01521355546723914
-0.024284374206840584, 0.026089263596312175
0.017366119920449855, -0.016629567049028116
0.005925801150140561, 0.016003526536940666
0.04988513538650742, 0.0008099891605273836
-0.02478084653100085, 0.05498913734276266
0.007662650324240248, 2.461497286171269e-05
-0.010611514064707549, 0.022003038567431132
0.027010738914046567, -0.00927273250299221
-0.007173334989964433, 0.0035388137123054768
0.06871910476744565, 0.012901103166996011
-0.0002144049143539689, 0.07993069011600032
-0.009091516948565909, -0.004565408852882235
-0.029728470568512133, 0.020376323039547284
0.02785615138924694, 0.01680015222789936
-0.04156319686292471, 0.051339585558731776
0.024775313258814137, -0.02302265040210774
-0.01365710577676783, 0.03696583014357463
-0.0031639145976506953, 0.01911978003861158
-0.05370557112204542, 0.004827483447217815
0.029254107405342903, -0.020133240496714944
-0.0509993167269791, 0.03643038962005798
-0.03488163626719299, -0.015413130593427153
-0.030184685608156826, -0.014588754009027113
0.03336797927554472, -0.028360232688881593
-0.03932617184524092, 0.003444761100280757
-0.002666372389961369, -0.06893400859345354
-0.02390003353168927, -0.01608944673336364
0.004345390997375367, -0.027901338105405255
-0.07061159478381707, -0.01002267937065322
0.009862452017868067, -0.0034736091607456294
-0.03452910524383783, 0.03157792485172439
0.0170567064886451, -0.006727901334744503
-0.015449436861205933, 0.015972322266354377
0.025864490702931033, -0.0032056752657301252
-0.016408298151116316, 0.01179950474410615
0.03034052388175876, -0.01885344888114398
-0.03818265878724715, 0.014104810806336774
-0.009977098758046579, -0.03489849115409694
-0.013251687196289118, -0.014750309661291853
0.041852452136939944, -0.021393757572033333
-0.030642865364697063, 0.003334318083141224
0.021991636812040954, -0.035376197257536615
-0.00036075123612702383, 0.0031784105583731468
0.03529407810570479, -0.003367598813597909
-0.014016120350631852, -0.0007181064081526662
0.04276537264063308, -0.03101560435809146
0.03940448093686876, 0.0317787502292532
0.015143240784472621, 0.03517129762593224
-0.03355559255317235, 0.0260004059005695
0.03569236785080182, 0.004076240947594239
-0.002846978591287127, 0.06053605396199968
-0.012206491971677887, 0.031621366323977204
-0.028503971381199898, 0.008363088505476825
0.04148907756830436, -0.03431345997807304
-0.024259803810254138, -0.005344170793848272
0.019797053818094552, -0.028141459275380348
-0.014188416194772548, 0.006336708778536594
-0.04076758820343861, 0.003978804624888815
-0.11312521285916177, 0.008859239102001523
-0.010361069646682663, -0.010214441244264828
-0.023013352987254078, 0.03554578699086937
-0.0430393351889343, -0.0179820057603131
-0.07175432188429934, -0.01639069100646661
0.06314137736308642, -0.040006133273472314
-0.02492396525307861, 0.009433709493687631
-0.013057888723077633, -0.05933154507359696
-0.018123196840110416, -0.009813018938963455
0.053825533965750856, -0.002462948078010646
-0.027331096468467674, 0.0012212445293473644
0.03551085216921717, -0.03329235799485414
-0.006650992042421438, 0.010664068947993374
0.011450106629241622, -0.029956675192871103
-0.018635914982459163, -0.019522844196593482
0.06261097777464605, -0.01787264626048784
-0.012299588217240342, 0.016769161655804266
0.025974128140790552, -0.019848625575222413
-0.02377252769396776, 0.017316925608507013
0.018835078501860232, -0.02332783402764923
-0.024430571026425672, -0.04461455496488974
0.05461945287296388, -0.020310532595317406
0.00045339576325903637, 0.026665513843789235
0.03720671129381638, -0.012306201827236796
0.026982504729384557, -0.03009134009795281
0.09137296442604273, 0.024474011388325966
-0.0017865926441730379, 0.0708686604910661
-0.02008649537915165, 0.012077861433865333
-0.05530256991833239, -0.015987079532023413
0.004561375473860509, -0.03521329717311371
-0.0018856243196470595, -0.008666439184139322
0.044910248913632676, 0.0010376677531146218
-0.007161485691457012, 0.024485867233743498
-0.0033891321866420772, 0.001209696812459895
-0.027319522517784654, 0.006885136216749927
0.018578084004295458, 0.0003633429629163708
-0.017932114039849498, 0.0025429162976652797
-0.0020954207710541925, -0.008582386927599358
-0.011521470345398835, 0.021166702412423563
0.00951210708100225, -0.0018163385296841715
-0.017674476835931572, 0.005309456881401603
-0.00647731293227549, -0.02395492782712284
-0.014522927886971834, 0.026123162799903853
0.010227398376015995, -0.011906561064940925
-0.03041318757418729, -0.012080292375500045
0.01888047430815026, -0.024738188658681066
-0.016888383297267388, 0.014811388483758656
-0.008924799541865047, -0.0526078718006152
-0.0027718605184765648, -0.05248922450583053
0.06209171401791594, -0.02925504846470088
0.0062223498199217644, 0.051229480698549885
-0.00032668708846724046, 0.011394869153030208
-0.008420949005523246, 0.032866510027558624
0.032053913426642294, -0.002163460117561569
-0.011817002397806853, 0.025041762491890746
0.02387315420856876, -0.009197011465255003
-0.01717512722833947, 0.008850313839380699
0.03231781447452068, -0.055225872901820336
0.008639221261500282, -0.016004729617868477
0.06075422794344243, 0.026452697639731463
-0.003741716242501504, 0.05442890404670629
0.005759430229855101, -0.010024808828936511
-0.025029581119002282, 0.005614106801263277
0.023724698149025038, -0.0123434558752688
-0.020323140547865916, 0.003866014290636949
0.01358292464148049, -0.017884897573623333
-0.024114424076858945, 0.014161505217836773
0.021043048322570826, -0.013237681996362227
-0.024691112563865355, 0.008342932553902343
0.015464386374130322, -0.03094849883401724
-0.0016187843335722374, -0.016787270452022728
0.03989194257218786, -0.011604741680728566
-0.02714961907403353, 0.022697894869965575
0.016322911913552687, -0.010109325302201062
0.018707096203746672, 0.016776293556336336
0.020915765117622796, 0.041745823109291404
-0.013588389833133737, 0.04177805292693899
0.043911331948170054, -0.00864289818158831
0.011598417588368184, 0.04254261470790563
-0.014404105675067355, 0.0396704669802812
-0.035583323887510246, 0.014830495134354884
0.02025306336465548, -0.016734776377528723
-0.031548650570469024, 0.018333943924346983
-0.010698739317629493, 0.0076113756314005
-0.009546055655764366, 0.005615561141352455
0.013827209623113658, 0.003619154814514357
-0.03395498334603452, 0.0057377691343244
-0.0011323074061482825, -0.00849118136162134
-0.003782279216803285, 0.009948977937879369
0.009686498904168067, -0.007946500604306858
-0.011595049303768493, 0.009968773727840502
0.017495493023181142, 0.000350966067263897
-0.027123053685508138, 0.015562056265925822
0.0032003177599922534, -0.024971455822981135
-0.013892113800914818, -0.011428849742294057
0.02562536616332375, -0.011365712184379206
-0.004872499545157534, 0.011370751098375076
0.022715260430481207, -0.006403268589208592
-0.0031133669361421345, 0.002146695815771264
0.006550120857852117, -0.03271894848749335
-0.0163193430831374, -0.028788305835662924
0.01398351531645147, -0.03622154888191653
-0.026898942726167524, 0.00017391181531115768
-0.009328242757571718, -0.02432347798705577
-0.029105956163183656, 0.012059151734456961
0.01516205978507085, 0.013345162392426651
-0.014997676417153261, 0.0016211923028235523
0.053471904119775204, -0.043210757345516035
0.03134010373951547, 0.02351148464299345
0.03527125407936757, 0.038041300560546144
-0.013919985988375516, 0.006452699798756896
0.03929901371383219, -0.007012393834910941
-0.012097856853112487, 0.04008176629412935
0.015552165569388656, 0.013392411810999667
0.02167208463114639, 0.006500349783289453
0.048323038840021294, 0.041566955378471354
-0.06283424102177716, 0.0721980008419749
-0.00812456782060377, 0.004714878628269179
-0.0034244052077955925, 0.019754394620216643
-0.005773575524623022, 0.04983962921668267
-0.08145324811810972, 0.010573589043191844
0.011222310897179368, -0.006488618205796772
-0.02764398199157308, 0.022907882621974466
-0.039367854395772686, 0.019210667074779055
-0.042712585172462895, -0.017538280546971933
0.023697267826723756, 0.030077151046061623
-0.04732613555870101, 0.017263642073837012
-0.012755492928767318, -0.04387667552720887
0.005858893064112979, -0.04554799166028855
0.01904420774232992, -0.015246085634513556
-0.04287934718148799, -0.04112850089125143
0.011567835607750213, -0.03506839028673076
-0.02928499929118166, -0.02208270861232047
-0.029894039450796783, -0.005333347084502957
-0.020167455573845583, -0.03928337361312052
0.03366965914577798, -0.0022346951817345823
-0.00866676976653811, -0.00560144483795536
0.0004360287253350071, -0.02531749367415513
0.013958600328733159, -0.01644158422820087
0.019703437477401803, 0.008393817714683009
-0.012472412074188442, -0.02528321527005147
0.02840966926347464, -0.024247055516101002
0.02948343297897547, 0.02303863312368552
0.021781414804452753, 0.022397804202084527
0.006138710586394186, -0.026149897471817812
0.05108088433648212, 0.015254224552469314
0.003966061301444741, 0.05678114285348666
-0.002785982792926301, 0.030914007582229105
-0.016430603383890092, -0.008939068930717674
0.0032464178205925676, 0.015213242825574805
-0.019291774882316357, 0.028437692542871963
0.016499979468129575, -0.00019307320803439026
-0.008146766089877975, 0.020296180238728225
-0.010678371859977802, 0.04496864777320703
-0.037369792501186404, 0.021572906406455986
0.03261801151508159, 0.0029074654754288488
-0.010609841887622144, 0.02338642985399835
0.01466390961620374, -0.004793390397708597
-0.005593220645731434, -0.01050693080850372
0.0016829873536680813, 0.03654268800481555
-0.09168979188753353, 0.005683685686280512
-0.03930822692806395, -0.06244196721828595
-0.010116993431879863, -0.04163934832287807
-0.0022059210789828086, 0.011152890323861315
-0.02384541342099053, -0.022821559381297825
0.019931821130762077, -0.016928098767385002
-0.06694602859705716, 0.0023680836027529656
-0.0516675966525888, -0.04387808516378834
-0.009347589350921018, -0.10252047776935759
0.05795751390847059, -0.02110044167317402
-0.009244401920701629, 0.0006650890599144005
0.01451562602735241, -0.003111948971558441
0.004682715787598763, -0.03056333051680499
-0.009566022410015126, 0.006905190534261032
-0.015303648608892372, -0.0488592704939172
0.04011957081651786, -0.01535826780673662
-0.002529041670341353, -0.0019246914144746344
0.0010985115496099781, -0.011732146544836217
0.0384557963669353, -0.046624148651824494
0.07177075115971891, 0.03459898924719802
0.00123648213811243, 0.030653196917573917
0.02428922504963399, -0.0005683741506432027
0.04147415983194291, -0.005695416549258538
0.015019558412489621, 0.07925117790910674
-0.035043605217981444, 0.04103857376793904
-0.025098112259249048, 0.005832443363753329
-0.016075134211671227, -0.034470543868350995
0.008455098589962316, 0.005298001803919323
0.023438878155593614, 0.0026626550032211194
0.020425934094419663, 0.012555712427640784
-0.02325174943952513, 0.01054415991119475
-0.02459658259612732, 0.016421684726026276
-0.010421864407066576, -0.02168241646597356
0.028817610643471388, -0.02232002072368998
0.0160663722785324, -0.013422967234822027
0.01691266579988657, 0.011839950375162833
-0.0028270935198172493, -0.012420520004457196
0.0168957863191003, -0.0018050767792178258
0.001269069927010044, 0.002184721499748173
-0.0016731584426267123, 0.03194248033554552
-0.029074698651020935, 0.007548487472814926
-0.003897195718986628, -0.030303696713603
-0.0016437483060271346, -0.032762630929521266
-0.015877962151290413, -0.019673586416412654
-0.06861512635521103, -0.037967242401799065
-0.006833383533237647, -0.05025807668453898
0.0059278076213186166, -0.020419086107291838
0.02699146380597346, 0.05947383356481215
-0.014244098758651135, 0.05745767377760124
0.0012476407568830679, 0.046650449133022784
-0.026235936628289307, -0.010601106931878006
0.03020999540679285, -0.03407516438740519
0.041206937790697465, -0.038709840470481774
0.04152591979311778, 0.005740094781744948
-0.015388865905174201, -0.018747473416177367
0.047261904289027046, -0.01881805312732685
0.017348949551705274, 0.00011725571965703722
0.02297248940591848, 0.033261017607770026
-0.008623094242864945, -0.01407222103575551
0.05357689979992278, 0.014073863627895578
-0.017583552222708722, 0.0021540504306074033
0.018037639076513207, 0.025321255128157548
0.023946007873080516, -0.014186669607392741
0.023830679540526284, 0.02424374187293829
-0.046041348532498166, 0.01211125640401552
0.009285945107413632, 0.03175106970764668
0.0005387379977429864, -0.03221772758696459
0.016410391196913256, -0.0060810746086799455
-0.005702749566681861, -0.00793897345582618
0.04096855003394785, 0.026773471954164477
0.01522897242383148, -0.062244834103429764
0.046554975073163155, -0.014498251099314888
-0.004937362642681282, -0.009701837242037848
-0.009357424857001022, 0.030171594805255622
-0.03250621183488218, -0.04244274096192392
0.0028334587958039475, 0.061853796864051624
-0.04303520140573274, 0.04158764862420948
-0.03383355191063137, 0.052434958799953975
-0.0169650840998962, -0.0011764160859144565
0.028029605908590913, 0.043453120675132136
-0.015296401317886095, -0.018157392346158936
0.009281937566857306, 0.01002784502757705
-0.020410475909762908, -0.005323712750560568
0.013336755438844557, 0.024993337493638402
-0.01350824506310119, -0.01716433730403663
0.010474767870740911, 0.04483855060876217
-0.034493246668142644, 0.0071418763727499335
-0.0033535216142628675, 0.0019200270909065266
-0.008583279029179141, -0.0364461095782203
0.0030498485410474256, 0.011226172922254328
-0.019498493352318902, -0.006250909993385103
0.01841710960620961, 0.006207721942516852
-0.025928530007728587, -0.004591982005041847
-0.02319756065215625, 0.0024375125070173285
-0.03004715861659161, -0.05090012661559345
0.07281406207201402, -0.014319570593258824
0.031070901251950507, -0.00824943371921363
0.03388125790993108, 0.04010603597109648
-0.0035518113214165524, -0.011024861768284964
0.03671754406699286, -0.0017736445140182147
-0.02171517275064085, -0.0729791372399421
0.032488878746376196, -0.049090257767545886
0.022455173630461046, -0.023666227743698757
0.03179963997823687, 0.06631425574462363
-0.06661407429874083, 0.016390070539948988
0.0034163299283857156, 0.031417794188605075
-0.025284390369392673, 0.007387149218273739
0.02707526975574575, 0.03922325755399864
-0.003574922270147463, -0.023276288436441715
0.047144797088377766, 0.05634315753628722
-0.04917001596672867, 0.02392473225250861
-0.008414408032493055, 0.04000531460942066
-0.01281970044540478, -0.014976461102618528
0.002590453131990085, 0.06936691013402256
-0.03977405908889248, -0.0073857415857272995
0.024097433962243838, 0.03319159040006261
-0.010791678392534258, -0.007337303638704241
-0.009393002926800996, 0.031000212485165223
-0.0312808415377389, -0.029687410535973686
0.018634933615317102, 0.046807022174128146
-0.025663252226792208, -0.016667317070836293
0.016668165761104484, 0.03638408702953626
-0.0003249612955442101, -0.005806391653944551
-0.0009208224017573513, 0.051362124124039524
-0.017574401871590723, -0.057876492242865216
0.017412684150044686, 0.0008378949834577732
-0.020417855762996682, -0.03669677832532164
-0.019024424964114287, 0.007462473229965237
-0.008909076987332313, -0.03909155485933304
5.584638923436958e-05, 0.015325143091711568
-0.047668554146852476, -0.036684159917417886
-7.928784211399783e-05, -0.007645889060516074
-0.014959201941717638, -0.02207664105594324
-0.018724678419896935, 0.01335191142587395
-0.028695056130955396, -0.07517603615010056
0.020392876660771716, 0.008045626417453235
-0.0038751586177527405, -0.019082960763333438
0.0019018179937204307, -0.029961403198391356
0.01537514860787952, -0.08345017096354941
0.049063667845131984, 0.02064782924601322
-0.00628142612009398, 0.020120421957779674
0.010765843432911808, 0.019169482417805982
0.005413769492672206, -0.018270965896822665
0.03233502208170358, 0.06455380437838722
-0.03384872704168492, 0.023170881954168374
-0.0004934406423061964, 0.010929389859256868
-0.03486733339222902, -0.025113189307193886
-0.03151296587753743, 0.07450978715215117
-0.08385644460968947, 0.016389519835560855
-0.0052017231760996575, 0.0405130557387552
-0.006447454843433624, 0.01909805207648034
0.02672271007424124, 0.0638848674495456
0.030748331561327013, -0.0031444648069094746
0.07434801505581154, 0.004688933899623188
0.006454204282079445, -0.056472186508607525
0.019595413796198183, -0.01781268174954804
-0.013038775670417054, -0.06145567146546622
-0.0018909629607184524, -0.007041073594744085
-0.0507925239160014, -0.04045005899055582
0.00294611347438907, 0.046000859863917984
-0.030181143097460943, -0.02306651166188273
0.002216264454351127, 0.025645365120620982
-0.01076797816679374, -0.012354902891280932
-0.02898254231833673, 0.04477930998300407
-0.07517354386887964, -0.0617480915512051
-0.011336839160972707, -0.021794916739077044
0.012734704400618904, -0.03360110555994354
0.02512687702482022, 0.016594818685876277
-0.035847759403684926, -0.00867951341705707
-0.019121616916486943, 0.08146471292410996
-0.073061835674185, -0.04896276864529073
-0.012128377903116345, -0.06869164974870358
-0.013517149386652123, -0.04409590646536412
-0.03326995966244795, 0.02884997825772332
-0.03213174738235301, -0.13795641567352393
0.03390271326211202, -0.09024407006062049
0.0034024784432145324, 0.003420270097579361
-0.016790319567230472, 0.05364056514494138
-0.00032766768539773967, -0.011379891078410928
0.03699456852677012, 0.059034296627283225
0.0022532604262691276, 0.03338427693032227
0.08376891456945006, 0.018217977598823563
0.07047705363399989, -0.02195218752180388
0.050092500309805166, 0.0002365697784342917
0.012238143658185027, -0.06453394978388607
0.06567881283496506, -0.0053777950327301045
0.011756251218434387, 0.0006870814215433453
0.017907885142026944, 0.013122351306991985
0.004842185534825305, -0.018580256601424566
0.039117202444156354, 0.01128277728220362
-0.007709482197308633, -0.032158385392198875
0.07485253468084054, -0.02597988103175289
0.007104363507835989, 0.009162727074088236
0.022914072876873668, 0.01834395786737779
0.0004265575612071859, -0.03288980977980983
0.10666611196685055, 0.05951778321013137
-0.04338563705500737, 0.11187465288837063
-0.09636531334125663, 0.08113126880958833
-0.13654060586756134, -0.08930646429479955
0.03579142453676838, -0.07983358965057333
0.025006595066724473, -0.07891978420364917
0.05851828798035134, 0.01396322297193038
-0.04744500074221864, -0.010694978705001093
-0.009532612682591514, 0.016789117286201256
-0.10706772652205766, -0.052821892078090654
-0.016288780119387405, 0.024831054305559156
-0.10635471791220771, 0.024296522001816548
-0.0028648363477923044, 0.0749516038569227
-0.05545974940398674, -0.07404930495835461
0.04837443441064591, 0.056425379852152305
-0.031328051057888766, 0.003267158438160526
0.0686202109135193, 0.0011271496580978167
0.009683644982059217, -0.10534019347821533
-0.00387312869510259, 0.033852342391970075
-0.06170698734209293, -0.07334175178498255
0.11450553677897682, -0.045613978737308936
0.06150243909656006, -0.03784002504089977
0.027465682018038604, 0.03751956094271432
0.04712485260196594, -0.11945036317915722
0.17837801608379572, 0.021765487222845506
0.04475042693629866, 0.015580178060925728
0.016037385312399517, 0.03440767319084908
0.05811632708671599, -0.06895012287232805
0.043253472913715285, 0.11646264728124826
0.021391557010561862, 0.003064382705719382
0.09352019532483241, -0.009697888994725908
0.053409317636752954, -0.0050576354596346615
-0.01537170148902256, 0.056815249200296486
0.06585302669073664, -0.06557214347024987
0.1172557078482476, 0.09461308350335962
-0.0785595930012112, 0.16408283363727666
-0.10748233375917579, 0.07462460796184013
-0.01560800611853467, -0.024436797908347213
-0.021658796586607694, 0.11009219071029941
-0.15627132035940428, 0.07133630386472854
-0.05643218157948708, -0.02994213565727503
-0.029674632041611783, 0.0036936570115703657
-0.09707024982258959, 0.06807642524647337
-0.10451243828927158, -0.010854376643152502
0.017393034231083508, -0.09662316047960741
-0.019291534702048984, 0.003280922098132779
-0.02575082289857545, -0.02028986996913696
-0.04926917420064608, -0.03708297943170101
0.030811677774172104, -0.011288091276271195
-0.02494770298450394, 0.04774140315674649
0.05009288515368625, 0.015239056181810637
-0.014951651787662352, -0.015994601605880343
0.0198675559891325, 0.040522445848441536
-0.008588567148417589, -0.011517366984135156
0.06461475122715324, -0.0073309521784029556
-0.056630606369024866, -0.015884859841337896
-0.0025209759975895266, 0.0320397120760757
0.06089882877142361, -0.014926733825129527
0.24701273029113988, 0.060195138533708246
0.0782787718184305, 0.02197184019485615
0.13708742588972878, 0.02849065731414701
0.05096917048602927, -0.12589992936220026
0.09230476257434929, -0.11758003770830232
-0.06151619393483643, -0.2820509379511333
0.05042192436107535, -0.04082163993452242
-0.03364497975455534, 0.03891164510392488
-0.07535028361377719, 0.12003271131674693
-0.05194916409452992, -0.029505446382313685
0.06857984935686495, 0.20903314202603193
-0.0038228384432342985, 0.09039729739310054
0.004381372476701281, 0.03900280242712478
0.060657493146888425, 0.0030205597665353967
-0.06121587996201798, 0.30086819213120897
-0.19095320644486444, 0.010210714666937112
-0.11494082016288731, 0.027170468166468224
0.011603011088262779, -0.009632271897236476
-0.15445674460510814, 0.15301433305887985
-0.11191224639030928, -0.1658736155666422
-0.05495024845879759, 0.030248443767421612
0.0418866751992032, -0.04928848752538571
-0.13519580986606483, -0.00046211429964520406
-0.003670394696895285, -0.1447792859955413
-0.027073415461119937, 0.06350392459975754
0.05956950029747736, -0.03150880375755576
-0.08076775222016949, 0.006005729586008347
-0.031190823125773124, 0.026117782469766742
-0.06878674502638414, 0.14657275148695087
0.12034264363832678, -0.008660949455590365
0.08478826904705261, -0.015919016391151446
0.17657954703237405, 0.00494294937434675
0.04127050655413565, 0.011870573539453292
0.1683005941068435, -0.08353465370976877
0.0063082073148200135, -0.12907469505913396
0.03164724832155172, -0.0004525630191548856
-0.09616516696540536, -0.05292508119078449
0.08075411974016185, 0.03057633229274981
-0.007012966860073437, 0.028950316716135
-0.066131845104422, 0.1633574958360406
-0.07445251551912566, -0.022586847682354468
0.018268173789926304, -0.025574181225211115
-0.05682478306550316, -0.029718728191242036
-0.10862563808218934, 0.0310240879304572
-0.042623905786321, -0.07493332349713383
-0.043025025594259365, 0.041722207782321316
-0.07871657735771258, -0.03905282850666238
-0.05773452239952197, 0.08746238234584562
0.04091501687468901, 0.04989656712416906
-0.19806752969619013, 0.052106345325802286
-0.09507952831113371, -0.20464592841149104
-0.14345101458231274, -0.09785091027792057
-0.053435641784514494, -0.02154813080602171
-0.30413369450145145, 0.014966177027354144
-0.028384827336686735, 0.008974628679880432
-0.09399965701867749, 0.1564445927300822
0.12011258434037328, 0.2923758614603301
0.07816891019921347, 0.3081217752520132
0.2721706886552463, 0.20996371964170585
0.18285813335444154, -0.05672319382466242
0.27672023033328075, -0.10165014339475148
0.05351316870304434, -0.16719846867495033
0.061165309034542176, -0.17743433683526844
-0.11653927462092348, -0.3422183335898373
0.022721983904056775, -0.062101774452161945
-0.001122317809207598, -0.013817140396856517
0.11737332640150246, 0.0983707697838514
0.09015552443667732, -0.24233363360405646
0.13990038200373697, 0.034042711467716064
0.10165769705824494, 0.001843629938548537
-0.3137794171631332, 0.23919777350770965
-0.44714457494681226, -0.2761157441429405
-0.3487268309195485, -0.14569504930487376
0.1508489699937616, -0.20513970574601592
0.14084986717726167, 0.10033978329626426
0.08923530189080663, -0.15275827655632646
-0.27293995206745225, 0.10015421420510222
-0.3789934674564759, -0.12955271306543906
-0.4564104604889362, -0.10489660861123776
-0.00587242957607953, -0.2962103227669879
-0.11144897923698083, 0.3634755886181673
0.20315877466875693, 0.4553520630027995
-0.013337838914777245, 0.7668768530484321
-0.1365819717719236, 0.193686074113786
-0.3090182629424184, -0.5326978883122966
0.4764299363861541, -0.7619339513077629
0.4264288972861205, -0.28518673498486863
0.14330547361617163, -0.1404274977207259
-0.10508603467640097, -0.3472495011337518
-0.08711978425235657, -0.030837527927748198
-0.4443072192915274, -0.17320193080545465
0.16124277233228987, -0.4488451282693383
0.36418452020254655, -0.2573698749294008
0.06301112989105163, 0.04993660442631408
-0.03957676203884175, -0.5616472969277304
1.0252694922897323, -0.4791244354602374
1.084709906687423, 0.43937220137949734
0.047981432988078, 1.2852215766758603
-0.44683703073042425, 0.30320259704076136
0.17921249695270947, 0.10097410730589036
0.1374557704885427, 0.45440829196561017
-0.7306925915934918, 0.5521143072580317
-0.6418992450875716, -0.21509386993132404
-0.16783262732551596, -0.5382038810445767
0.7533498191097733, -0.4006802977552426
0.22003812775102438, -0.3180535599756652
0.10704345265192368, -0.09901757380668913
-0.6042527088505913, 0.06935947513610763
-0.2008258463100655, -0.31932103619820495
-0.8876801699910504, -0.5365650356315734
-0.1790394693073729, -0.31666892519859724
0.12469309884583474, 0.8180348858953187
0.7472130899488667, 1.1091869978446849
-0.20698623989133505, 0.5526761579628601
0.12317497119629912, 0.18495533266227046
-0.2690911947851803, -0.23292692367732887
0.49299962501439504, -0.08608050653672589
-0.1695989269158801, -0.1193380695035703
-0.2917786700125268, -0.34482101640113927
0.387198049519593, -1.010049539533343
0.5026222637041883, 0.2721634861578311
0.34786754996266445, -0.12407887626723457
0.30916749136755856, -0.24489446304551887
1.9625926663468913, -1.0500485581831502
0.992040206728373, 1.2955684149496225
-0.4426335934106447, 0.70649318248061
-1.683720972437821, 1.8169837609375277
-0.5417845343253497, -1.8295542184342153
0.09807483275431073, -1.4467493194937895
1.5750182297875899, -1.4810836106632495
0.5500397677498684, 1.5982493891043128
1.5085710409286501, -1.9281464738763539
0.8768732625731201, -1.0623706540507267
2.5323036268758035, -0.41478377065481586
-1.1370129486787683, 3.4335453026735845
-2.0462094255508987, -0.03555715808252646
-2.1695982575975132, 1.1847712506356616
0.6270841110339858, 1.595584349404868
-1.8128665017517258, 1.7187837634069263
0.06182025476660988, 0.3116615377307436
-0.09981923931102266, 3.3317470886121034
1.9199369609071841, 1.1495164932259674
-3.1555869323180024, -1.6375073788293615
0.6042279274364997, -1.4508152625547637
-0.740208997339694, 0.7092124461501406
2.504065830645376, -1.3153070929673503
-2.0072524791420907, 0.16867806274480218
1.0529538615190832, 1.0520226531224806
-0.26643477117993647, -0.076999692118467
1.4090593252468149, -2.645076654263786
-1.2429086956140556, -2.7928075852356997
3.056133336638631, -0.07958322526446501
-0.2814478800771174, 0.48790235779383695
-0.23446394381829871, -1.2531586147924245
1.0142663906717087, 0.9063671614424387
2.912085554389623, 1.3398711865127506
-1.8199970582273783, 2.6722034427092383
-6.989789042808435, -0.840237683671474
-5.90280840715032, -8.162215080672151
-5.5616038304304425, -7.461273541258054
1.8319496815003746, 2.151295166685567
-0.08131409066908901, 9.23395609043171
1.3544504573409717, 5.018034817304041
1.7061430722896687, 4.522254692699292
4.704789681065361, 4.383202600693707
3.7091851345531865, 2.3076980151738464
5.716843164379841, -0.2501215341590606
-1.9422073996757065, -4.72298776241403
1.4724674673337623, 4.32842715354051
-6.731078350444472, 2.296279763960179
-4.067161723073274, 0.5453352412727974
5.612148159055553, -4.762954036146515
-4.287797779696945, 0.11830915483126536
-2.635216693680888, -3.959163022550316
-0.34941115491253694, 11.396444012106123
6.387136075900603, -7.08240212272176
-13.585739074659628, 3.3858980558986937
4.184351116575574, -11.883603283258942
1.0965029871616725, 13.437272803521267
5.1435135085826476, -15.543650580364861
6.770409596419789, 32.743837466329104
2.8756335473799197, 0.3525031724436669
-26.393967822552572, 20.360148823417195
118.64180058253683, -38.11864670820904
-215.45950412913737, 13.171251736108005
222.4297461803519, 57.18593897120306
11.805665326389082, 127.3643754109839
-143.3992351890165, 22.106276436919146